[
    {
        "main/loss": 1.7433128895759582, 
        "validation/main/loss": 1.8662077903747558, 
        "iteration": 250, 
        "epoch": 1, 
        "main/accuracy": 0.20400000002980231, 
        "validation/main/accuracy": 0.20399999991059303
    }, 
    {
        "main/loss": 2.1139859113693236, 
        "validation/main/loss": 2.5326041316986085, 
        "iteration": 500, 
        "epoch": 2, 
        "main/accuracy": 0.20039999985694884, 
        "validation/main/accuracy": 0.19780000150203705
    }
]