[
    {
        "main/loss": 28.16635551404953, 
        "validation/main/loss": 86.04486862182617, 
        "iteration": 250, 
        "epoch": 1, 
        "main/accuracy": 0.2117199995815754, 
        "validation/main/accuracy": 0.2273999986052513
    }, 
    {
        "main/loss": 111.97688681030273, 
        "validation/main/loss": 125.64493041992188, 
        "iteration": 500, 
        "epoch": 2, 
        "main/accuracy": 0.22603999969363212, 
        "validation/main/accuracy": 0.2109999994933605
    }, 
    {
        "main/loss": 95.73017578125, 
        "validation/main/loss": 58.786189041137696, 
        "iteration": 750, 
        "epoch": 3, 
        "main/accuracy": 0.2192000000178814, 
        "validation/main/accuracy": 0.21959999948740005
    }
]