[
    {
        "main/loss": 43205407005.28938, 
        "validation/main/loss": 35546.61328125, 
        "iteration": 600, 
        "epoch": 1, 
        "main/accuracy": 0.12668333330812553, 
        "validation/main/accuracy": 0.1111999973654747
    }, 
    {
        "main/loss": 1888295.0406747183, 
        "validation/main/loss": 4620.44140625, 
        "iteration": 1200, 
        "epoch": 2, 
        "main/accuracy": 0.11185000002694627, 
        "validation/main/accuracy": 0.10670000314712524
    }, 
    {
        "main/loss": 164325.71910034976, 
        "validation/main/loss": 6297.14404296875, 
        "iteration": 1800, 
        "epoch": 3, 
        "main/accuracy": 0.1103166666906327, 
        "validation/main/accuracy": 0.10740000009536743
    }
]