[
    {
        "main/loss": 592243657523626.0, 
        "validation/main/loss": 31.880468368530273, 
        "iteration": 250, 
        "epoch": 1, 
        "main/accuracy": 0.20019999992847443, 
        "validation/main/accuracy": 0.20000000298023224
    }, 
    {
        "main/loss": 7572.930220657348, 
        "validation/main/loss": 31.614255905151367, 
        "iteration": 500, 
        "epoch": 2, 
        "main/accuracy": 0.1973999996483326, 
        "validation/main/accuracy": 0.20000000298023224
    }
]