[
    {
        "main/loss": 0.06406432654929299, 
        "validation/main/loss": 0.04240885398550225, 
        "iteration": 249, 
        "epoch": 1, 
        "main/accuracy": 0.9817670774028961, 
        "validation/main/accuracy": 0.986666677963166
    }
]