[
    {
        "main/loss": 19.21912107849121, 
        "validation/main/loss": 65.99337135314941, 
        "iteration": 250, 
        "epoch": 1, 
        "main/accuracy": 0.18960000032186508, 
        "validation/main/accuracy": 0.1956000003218651
    }, 
    {
        "main/loss": 89.2187324371338, 
        "validation/main/loss": 98.10435104370117, 
        "iteration": 500, 
        "epoch": 2, 
        "main/accuracy": 0.20296000045537949, 
        "validation/main/accuracy": 0.19600000038743018
    }, 
    {
        "main/loss": 91.79750898742675, 
        "validation/main/loss": 61.96242492675781, 
        "iteration": 750, 
        "epoch": 3, 
        "main/accuracy": 0.1950400003194809, 
        "validation/main/accuracy": 0.20120000034570695
    }
]