[
    {
        "main/loss": 148.55273664855957, 
        "validation/main/loss": 87.66971969604492, 
        "iteration": 250, 
        "epoch": 1, 
        "main/accuracy": 0.20292000049352646, 
        "validation/main/accuracy": 0.2094000005722046
    }, 
    {
        "main/loss": 66.02353103637695, 
        "validation/main/loss": 34.260628356933594, 
        "iteration": 500, 
        "epoch": 2, 
        "main/accuracy": 0.1990400003194809, 
        "validation/main/accuracy": 0.20459999948740004
    }, 
    {
        "main/loss": 34.010138862609864, 
        "validation/main/loss": 44.96844535827637, 
        "iteration": 750, 
        "epoch": 3, 
        "main/accuracy": 0.19928000009059907, 
        "validation/main/accuracy": 0.2
    }
]