[
    {
        "main/loss": 1.1101942326330538e+20, 
        "validation/main/loss": 5.532086887359619, 
        "iteration": 250, 
        "epoch": 1, 
        "main/accuracy": 0.1975999995172024, 
        "validation/main/accuracy": 0.2
    }, 
    {
        "main/loss": 7.495757730484009, 
        "validation/main/loss": 6.374602928161621, 
        "iteration": 500, 
        "epoch": 2, 
        "main/accuracy": 0.2021600002348423, 
        "validation/main/accuracy": 0.20000000014901162
    }, 
    {
        "main/loss": 8.224044880867005, 
        "validation/main/loss": 8.261114225387573, 
        "iteration": 750, 
        "epoch": 3, 
        "main/accuracy": 0.20496000024676322, 
        "validation/main/accuracy": 0.2
    }
]