[
    {
        "main/loss": 112.47436907291413, 
        "validation/main/loss": 7.137684926986695, 
        "iteration": 250, 
        "epoch": 1, 
        "main/accuracy": 0.1978399999141693, 
        "validation/main/accuracy": 0.2
    }, 
    {
        "main/loss": 6.952991410255432, 
        "validation/main/loss": 8.221050243377686, 
        "iteration": 500, 
        "epoch": 2, 
        "main/accuracy": 0.20107999974489213, 
        "validation/main/accuracy": 0.2
    }, 
    {
        "main/loss": 6.770496334075927, 
        "validation/main/loss": 4.626012735366821, 
        "iteration": 750, 
        "epoch": 3, 
        "main/accuracy": 0.19979999950528146, 
        "validation/main/accuracy": 0.19999999940395355
    }
]